gcc -g -o parser main.c file_p.c hash.c test.c kmers.c -I /content/drive/MyDrive/TareaPMD/ -lm
1 150464
2 160759
3 144459
4 120390
5 96386
6 77271
7 60942
8 48228
9 38031
10 29775
11 23515
12 18907
13 14780
14 12195
15 9392
16 7648
17 6345
18 5117
19 4137
20 3382
21 2673
22 2271
23 1849
24 1482
25 1274
26 1026
27 866
28 688
29 619
30 484
31 425
32 377
33 268
34 272
35 192
36 178
37 147
38 143
39 130
40 106
41 95
42 82
43 73
44 57
45 58
46 51
47 50
48 41
49 41
50 37
51 26
52 23
53 25
54 29
55 14
56 21
57 15
58 18
59 14
60 16
61 9
62 12
63 14
64 4
65 11
66 9
67 9
68 6
69 12
70 6
71 6
72 9
73 3
74 3
75 2
76 2
77 3
78 4
79 6
80 2
81 2
82 2
83 4
84 3
85 2
86 3
87 1
88 4
89 3
90 1
91 1
92 0
93 1
94 1
95 2
96 5
97 0
98 0
99 1
100 23
