make: 'parser' is up to date.
1 13298256
2 2675880
3 579894
4 149370
5 43555
6 18267
7 6042
8 2359
9 1458
10 975
11 414
12 233
13 117
14 54
15 41
16 33
17 25
18 19
19 15
20 5
21 4
22 11
23 7
24 7
25 9
26 9
27 11
28 13
29 8
30 8
31 7
32 7
33 2
34 3
35 2
36 3
37 1
38 6
39 1
40 4
41 3
42 6
43 1
44 3
45 4
46 2
47 3
48 3
49 2
50 2
51 5
52 1
53 3
54 3
55 1
56 1
57 0
58 1
59 0
60 2
61 0
62 0
63 0
64 0
65 1
66 3
67 1
68 4
69 2
70 0
71 2
72 3
73 1
74 2
75 2
76 0
77 0
78 0
79 0
80 0
81 0
82 0
83 0
84 2
85 1
86 2
87 1
88 1
89 1
90 1
91 1
92 1
93 0
94 0
95 2
96 0
97 0
98 0
99 0
100 0
