make: 'parser' is up to date.
1 150461
2 160754
3 144463
4 120389
5 96385
6 77271
7 60943
8 48228
9 38032
10 29773
11 23518
12 18906
13 14781
14 12194
15 9390
16 7649
17 6344
18 5119
19 4135
20 3381
21 2675
22 2272
23 1851
24 1482
25 1273
26 1026
27 867
28 688
29 619
30 483
31 426
32 377
33 268
34 272
35 192
36 178
37 147
38 143
39 128
40 108
41 95
42 82
43 73
44 57
45 58
46 51
47 50
48 41
49 41
50 37
51 26
52 23
53 25
54 29
55 14
56 21
57 15
58 18
59 14
60 16
61 9
62 12
63 14
64 4
65 11
66 9
67 9
68 6
69 12
70 6
71 6
72 9
73 3
74 3
75 2
76 2
77 3
78 4
79 6
80 2
81 2
82 2
83 4
84 3
85 2
86 3
87 1
88 4
89 3
90 1
91 1
92 0
93 1
94 1
95 2
96 5
97 0
98 0
99 1
100 23
