make: 'parser' is up to date.
1 4443345
2 52456
3 11610
4 2700
5 5668
6 223
7 136
8 760
9 486
10 32
11 8
12 30
13 4
14 10
15 3
16 8
17 16
18 5
19 4
20 1
21 3
22 5
23 10
24 4
25 13
26 16
27 6
28 7
29 8
30 0
31 2
32 3
33 3
34 8
35 4
36 2
37 2
38 5
39 4
40 2
41 1
42 4
43 1
44 3
45 2
46 5
47 4
48 5
49 2
50 1
51 0
52 0
53 0
54 0
55 1
56 4
57 0
58 1
59 0
60 1
61 2
62 0
63 0
64 0
65 0
66 1
67 0
68 0
69 1
70 0
71 1
72 0
73 0
74 0
75 0
76 0
77 0
78 0
79 0
80 0
81 0
82 0
83 0
84 0
85 0
86 0
87 0
88 0
89 0
90 0
91 0
92 0
93 0
94 0
95 0
96 0
97 0
98 0
99 0
